videosDir=D:\Dados Blackbox\Sylvia R Clouds\FullMariaMatos\Full 1 (filtered)
colorStreamName=layerColor.avi
depthStreamName=layerDepth.rvl
normalStreamName=layerNormal.h264
vidWidth=512
vidHeight=424
numLayers=4
0=-0.4865288;-0.3022789;-0.8197057;3.81;0.02187784;0.9337288;-0.3573121;1.572;0.8733906;-0.1917759;-0.4476726;0.879;0;0;0;1
1=-0.7830461;0.2515221;0.5688372;-2.868;0.01555295;0.9222149;-0.386365;1.588;-0.6217694;-0.2936944;-0.7260487;1.36;0;0;0;1
2=0.7547382;-0.240898;-0.6101953;3.607;0.02577253;0.9403087;-0.3393454;1.633;0.6555197;0.2403907;0.7158955;-4.277112;0;0;0;1
3=0.483735;0.2704909;0.8323672;-2.769;-0.004071668;0.9517288;-0.306913;1.528;-0.875205;0.1450755;0.4614859;-3.897;0;0;0;1