videosDir=C:\Users\vimmi\Desktop\people dancing\Solo 2
colorStreamName=layerColor.avi
depthStreamName=layerDepth.rvl
normalStreamName=layerNormal.h264
skeletonFileName=C:\Users\vimmi\Desktop\people dancing\Solo 2\solo2.txt
vidWidth=512
vidHeight=424
numLayers=3
0=-0.998179;-0.0343697;-0.0495778;0.296857;-0.0234711;0.978339;-0.205673;1.16245;0.0555729;-0.204135;-0.977364;4.66639;0;0;0;1
1=0.790757;0.137456;0.596498;-2.65132;-0.000940539;0.974733;-0.22337;1.01582;-0.61213;0.17607;0.770906;-2.97311;0;0;0;1
2=0.797632;-0.189796;-0.572504;3.00187;-0.0302128;0.935434;-0.352207;1.2193;0.602388;0.298229;0.740398;-2.95163;0;0;0;1
3=-0.998179;-0.0343697;-0.0495778;0.296857;-0.0234711;0.978339;-0.205673;1.16245;0.0555729;-0.204135;-0.977364;4.66639;0;0;0;1
4=0.790757;0.137456;0.596498;-2.65132;-0.000940539;0.974733;-0.22337;1.01582;-0.61213;0.17607;0.770906;-2.97311;0;0;0;1
5=0.797632;-0.189796;-0.572504;3.00187;-0.0302128;0.935434;-0.352207;1.2193;0.602388;0.298229;0.740398;-2.95163;0;0;0;1